(0, 0) 1.0
(0, 1) 0.6185635865827025
(0, 2) 0.3301571402335922
(0, 3) 0.8515215351844365
(0, 4) 0.6752176509797492
(0, 5) 0.47449625831909775
(0, 6) 0.9116701637951781
(0, 7) 0.850527517611323
(0, 8) 0.979658649978882
(0, 9) 0.9982748478071805
(0, 10) 0.5366771330419967
(0, 11) 0.9492326677270579
(0, 12) 0.9810641043323516
(0, 13) 0.5849182408226989
(0, 14) 0.3301571402335954
(0, 15) 0.9997568355055997
(0, 16) 0.6752176509797492
(0, 17) 0.9796586499788819
(0, 18) 0.8975085090069992
(0, 19) 0.9989712663300083
(0, 20) 0.8735409464080228
(0, 21) 0.9997568355055997
(0, 22) 0.3301571402335953
(0, 23) 0.9937466946314121
(0, 24) 0.7238434504724479
(0, 25) 0.4744962583190965
(0, 26) 0.6752176509797494
(0, 27) 0.9982748478071805
(0, 28) 0.9123483066241938
(0, 29) 0.8515215351844365
(1, 0) 0.6185635865827025
(1, 1) 1.0
(1, 2) 0.9165824067373163
(1, 3) 0.9287874917392589
(1, 4) 0.9964859597297981
(1, 5) 0.979059377538255
(1, 6) 0.873298543644986
(1, 7) 0.9295037836675519
(1, 8) 0.476601244103457
(1, 9) 0.6584700030885222
(1, 10) 0.9931278459876158
(1, 11) 0.8197864267764088
(1, 12) 0.746484614916421
(1, 13) 0.9988190352195689
(1, 14) 0.9165824067373183
(1, 15) 0.6033587899107696
(1, 16) 0.9964859597297981
(1, 17) 0.47660124410345706
(1, 18) 0.8889032801053514
(1, 19) 0.649462701502828
(1, 20) 0.9114631757493287
(1, 21) 0.6033587899107695
(1, 22) 0.9165824067373183
(1, 23) 0.6936626184806347
(1, 24) 0.9874227824212407
(1, 25) 0.9790593775382546
(1, 26) 0.9964859597297981
(1, 27) 0.6584700030885222
(1, 28) 0.8725011761930299
(1, 29) 0.9287874917392588
(2, 0) 0.3301571402335922
(2, 1) 0.9165824067373163
(2, 2) 1.0
(2, 3) 0.7150240262698273
(2, 4) 0.8809293392306685
(2, 5) 0.9783205938094289
(2, 6) 0.6270620272747447
(2, 7) 0.7162833610715931
(2, 8) 0.20429554410271328
(2, 9) 0.369774680251319
(2, 10) 0.9565438710278883
(2, 11) 0.5538712985503362
(2, 12) 0.4647836087378674
(2, 13) 0.934592032245367
(2, 14) 1.0
(2, 15) 0.3155750094185701
(2, 16) 0.8809293392306685
(2, 17) 0.2042955441027134
(2, 18) 0.6502314606378085
(2, 19) 0.36065779906882545
(2, 20) 0.6857166651816673
(2, 21) 0.31557500941857
(2, 22) 1.0
(2, 23) 0.40642418291763327
(2, 24) 0.8444740405083551
(2, 25) 0.9783205938094293
(2, 26) 0.8809293392306685
(2, 27) 0.369774680251319
(2, 28) 0.6259040141729008
(2, 29) 0.7150240262698271
(3, 0) 0.8515215351844365
(3, 1) 0.9287874917392589
(3, 2) 0.7150240262698273
(3, 3) 1.0
(3, 4) 0.9562111791587209
(3, 5) 0.8371805462098176
(3, 6) 0.9912269530810525
(3, 7) 0.9999980516269922
(3, 8) 0.7368315293754919
(3, 9) 0.8798206569653846
(3, 10) 0.880401305512376
(3, 11) 0.9719425501088936
(3, 12) 0.9351372123868733
(3, 13) 0.9101091339515766
(3, 14) 0.7150240262698303
(3, 15) 0.8402624880934425
(3, 16) 0.9562111791587209
(3, 17) 0.736831529375492
(3, 18) 0.9951519922367711
(3, 19) 0.8735958068009997
(3, 20) 0.9989765514187761
(3, 21) 0.8402624880934424
(3, 22) 0.7150240262698303
(3, 23) 0.9031850787892546
(3, 24) 0.9753221116007298
(3, 25) 0.8371805462098167
(3, 26) 0.956211179158721
(3, 27) 0.8798206569653846
(3, 28) 0.9910023090815513
(3, 29) 1.0
(4, 0) 0.6752176509797492
(4, 1) 0.9964859597297981
(4, 2) 0.8809293392306685
(4, 3) 0.9562111791587209
(4, 4) 0.9999999999999999
(4, 5) 0.958746468215609
(4, 6) 0.9100427696379679
(4, 7) 0.9567806487170183
(4, 8) 0.5358759543391547
(4, 9) 0.7134806202696596
(4, 10) 0.9798848254889542
(4, 11) 0.863028641239399
(4, 12) 0.796237399412398
(4, 13) 0.9912485730070892
(4, 14) 0.8809293392306707
(4, 15) 0.6605293270959695
(4, 16) 0.9999999999999999
(4, 17) 0.5358759543391547
(4, 18) 0.9233618048175185
(4, 19) 0.7048816664355292
(4, 20) 0.9421915945656711
(4, 21) 0.6605293270959695
(4, 22) 0.8809293392306707
(4, 23) 0.7468576145320743
(4, 24) 0.9971861645512254
(4, 25) 0.9587464682156086
(4, 26) 0.9999999999999999
(4, 27) 0.7134806202696596
(4, 28) 0.9093566550909875
(4, 29) 0.9562111791587209
(5, 0) 0.47449625831909775
(5, 1) 0.979059377538255
(5, 2) 0.9783205938094289
(5, 3) 0.8371805462098176
(5, 4) 0.958746468215609
(5, 5) 1.0
(5, 6) 0.7624063321170751
(5, 7) 0.838209922950865
(5, 8) 0.33455249916020113
(5, 9) 0.5160293423392558
(5, 10) 0.9961330541770195
(5, 11) 0.6963222455184
(5, 12) 0.6115833770705967
(5, 13) 0.9877632539185428
(5, 14) 0.9783205938094299
(5, 15) 0.4589371213730601
(5, 16) 0.9587464682156092
(5, 17) 0.3345524991602012
(5, 18) 0.7826228481873371
(5, 19) 0.5065643777484052
(5, 20) 0.8128799710631567
(5, 21) 0.45893712137306003
(5, 22) 0.9783205938094299
(5, 23) 0.5535428151587367
(5, 24) 0.9350955030299504
(5, 25) 1.0
(5, 26) 0.9587464682156092
(5, 27) 0.5160293423392558
(5, 28) 0.7613867213522005
(5, 29) 0.8371805462098175
(6, 0) 0.9116701637951781
(6, 1) 0.873298543644986
(6, 2) 0.6270620272747447
(6, 3) 0.9912269530810525
(6, 4) 0.9100427696379679
(6, 5) 0.7624063321170751
(6, 6) 1.0
(6, 7) 0.990964706985939
(6, 8) 0.8148043552066269
(6, 9) 0.9338025117041391
(6, 10) 0.8132072484879763
(6, 11) 0.9944607701269161
(6, 12) 0.9734355116959257
(6, 13) 0.8495680046336691
(6, 14) 0.627062027274748
(6, 15) 0.9026208414146017
(6, 16) 0.910042769637968
(6, 17) 0.8148043552066269
(6, 18) 0.9994184337295948
(6, 19) 0.9290172649263129
(6, 20) 0.9961849786498586
(6, 21) 0.9026208414146017
(6, 22) 0.627062027274748
(6, 23) 0.9512614897457786
(6, 24) 0.93804731044809
(6, 25) 0.7624063321170741
(6, 26) 0.9100427696379682
(6, 27) 0.9338025117041391
(6, 28) 0.999998567326118
(6, 29) 0.9912269530810525
(7, 0) 0.850527517611323
(7, 1) 0.9295037836675519
(7, 2) 0.7162833610715931
(7, 3) 0.9999980516269922
(7, 4) 0.9567806487170183
(7, 5) 0.838209922950865
(7, 6) 0.990964706985939
(7, 7) 1.0
(7, 8) 0.735601281672976
(7, 9) 0.8789114031620218
(7, 10) 0.8813057000808932
(7, 11) 0.9714797014142913
(7, 12) 0.9344479718134613
(7, 13) 0.9109060270776238
(7, 14) 0.7162833610715961
(7, 15) 0.8392383954984265
(7, 16) 0.9567806487170184
(7, 17) 0.7356012816729761
(7, 18) 0.9949561564253284
(7, 19) 0.8726666636407217
(7, 20) 0.9988853430458099
(7, 21) 0.8392383954984265
(7, 22) 0.7162833610715961
(7, 23) 0.9023579923353565
(7, 24) 0.9757533648502588
(7, 25) 0.8382099229508642
(7, 26) 0.9567806487170185
(7, 27) 0.8789114031620218
(7, 28) 0.9907367817567788
(7, 29) 0.9999980516269922
(8, 0) 0.979658649978882
(8, 1) 0.476601244103457
(8, 2) 0.20429554410271328
(8, 3) 0.7368315293754919
(8, 4) 0.5358759543391547
(8, 5) 0.33455249916020113
(8, 6) 0.8148043552066269
(8, 7) 0.735601281672976
(8, 8) 1.0
(8, 9) 0.9662872316600619
(8, 10) 0.39440023556519477
(8, 11) 0.8689789235175762
(8, 12) 0.9230118925841049
(8, 13) 0.4423492685781525
(8, 14) 0.2042955441027159
(8, 15) 0.9838274237319359
(8, 16) 0.5358759543391547
(8, 17) 1.0
(8, 18) 0.7957078701121744
(8, 19) 0.9696210038549946
(8, 20) 0.7645073454610863
(8, 21) 0.983827423731936
(8, 22) 0.2042955441027159
(8, 23) 0.9514036011666263
(8, 24) 0.5885084387376371
(8, 25) 0.3345524991602
(8, 26) 0.5358759543391549
(8, 27) 0.9662872316600619
(8, 28) 0.8157333728048777
(8, 29) 0.736831529375492
(9, 0) 0.9982748478071805
(9, 1) 0.6584700030885222
(9, 2) 0.369774680251319
(9, 3) 0.8798206569653846
(9, 4) 0.7134806202696596
(9, 5) 0.5160293423392558
(9, 6) 0.9338025117041391
(9, 7) 0.8789114031620218
(9, 8) 0.9662872316600619
(9, 9) 0.9999999999999999
(9, 10) 0.5779378939033695
(9, 11) 0.9659026323059878
(9, 12) 0.9907168334766391
(9, 13) 0.625521467597483
(9, 14) 0.3697746802513222
(9, 15) 0.9967384276613929
(9, 16) 0.7134806202696597
(9, 17) 0.9662872316600619
(9, 18) 0.9213098088655709
(9, 19) 0.9999103686865414
(9, 20) 0.8998379025502534
(9, 21) 0.9967384276613929
(9, 22) 0.3697746802513222
(9, 23) 0.9985858849440601
(9, 24) 0.7601792264959052
(9, 25) 0.5160293423392547
(9, 26) 0.7134806202696599
(9, 27) 0.9999999999999999
(9, 28) 0.9343964532342399
(9, 29) 0.8798206569653846
(10, 0) 0.5366771330419967
(10, 1) 0.9931278459876158
(10, 2) 0.9565438710278883
(10, 3) 0.880401305512376
(10, 4) 0.9798848254889542
(10, 5) 0.9961330541770195
(10, 6) 0.8132072484879763
(10, 7) 0.8813057000808932
(10, 8) 0.39440023556519477
(10, 9) 0.5779378939033695
(10, 10) 1.0
(10, 11) 0.7518839598674238
(10, 12) 0.6712195787426496
(10, 13) 0.9976377864667076
(10, 14) 0.9565438710278897
(10, 15) 0.5211094646254528
(10, 16) 0.9798848254889543
(10, 17) 0.3944002355651949
(10, 18) 0.8316354188170585
(10, 19) 0.5685726830912532
(10, 20) 0.8588714154129394
(10, 21) 0.5211094646254528
(10, 22) 0.9565438710278897
(10, 23) 0.6148362606805327
(10, 24) 0.9623105646747587
(10, 25) 0.9961330541770195
(10, 26) 0.9798848254889543
(10, 27) 0.5779378939033695
(10, 28) 0.8122733460070558
(10, 29) 0.8804013055123758
(11, 0) 0.9492326677270579
(11, 1) 0.8197864267764088
(11, 2) 0.5538712985503362
(11, 3) 0.9719425501088936
(11, 4) 0.863028641239399
(11, 5) 0.6963222455184
(11, 6) 0.9944607701269161
(11, 7) 0.9714797014142913
(11, 8) 0.8689789235175762
(11, 9) 0.9659026323059878
(11, 10) 0.7518839598674238
(11, 11) 1.0
(11, 12) 0.9920605984561791
(11, 13) 0.7926291649641305
(11, 14) 0.5538712985503396
(11, 15) 0.9421686833660787
(11, 16) 0.8630286412393992
(11, 17) 0.8689789235175762
(11, 18) 0.9903069754956879
(11, 19) 0.9623829997783451
(11, 20) 0.9815370461437085
(11, 21) 0.9421686833660788
(11, 22) 0.5538712985503395
(11, 23) 0.9782242555800513
(11, 24) 0.8974102490469895
(11, 25) 0.6963222455183989
(11, 26) 0.8630286412393993
(11, 27) 0.9659026323059878
(11, 28) 0.994637026506046
(11, 29) 0.9719425501088936
(12, 0) 0.9810641043323516
(12, 1) 0.746484614916421
(12, 2) 0.4647836087378674
(12, 3) 0.9351372123868733
(12, 4) 0.796237399412398
(12, 5) 0.6115833770705967
(12, 6) 0.9734355116959257
(12, 7) 0.9344479718134613
(12, 8) 0.9230118925841049
(12, 9) 0.9907168334766391
(12, 10) 0.6712195787426496
(12, 11) 0.9920605984561791
(12, 12) 1.0
(12, 13) 0.7160207931756501
(12, 14) 0.4647836087378708
(12, 15) 0.9765798557483946
(12, 16) 0.7962373994123981
(12, 17) 0.923011892584105
(12, 18) 0.9651311683483781
(12, 19) 0.988813086182226
(12, 20) 0.9499963707244393
(12, 21) 0.9765798557483947
(12, 22) 0.4647836087378707
(12, 23) 0.9965365276339206
(12, 24) 0.8372430580363104
(12, 25) 0.6115833770705956
(12, 26) 0.7962373994123984
(12, 27) 0.9907168334766391
(12, 28) 0.9738191081102281
(12, 29) 0.9351372123868735
(13, 0) 0.5849182408226989
(13, 1) 0.9988190352195689
(13, 2) 0.934592032245367
(13, 3) 0.9101091339515766
(13, 4) 0.9912485730070892
(13, 5) 0.9877632539185428
(13, 6) 0.8495680046336691
(13, 7) 0.9109060270776238
(13, 8) 0.4423492685781525
(13, 9) 0.625521467597483
(13, 10) 0.9976377864667076
(13, 11) 0.7926291649641305
(13, 12) 0.7160207931756501
(13, 13) 1.0
(13, 14) 0.9345920322453688
(13, 15) 0.5695116203130434
(13, 16) 0.9912485730070892
(13, 17) 0.4423492685781525
(13, 18) 0.8663988385390603
(13, 19) 0.6163351793220022
(13, 20) 0.8909783573312211
(13, 21) 0.5695116203130434
(13, 22) 0.9345920322453688
(13, 23) 0.6615411834903155
(13, 24) 0.978616690929841
(13, 25) 0.9877632539185425
(13, 26) 0.9912485730070895
(13, 27) 0.625521467597483
(13, 28) 0.8487112024945411
(13, 29) 0.9101091339515764
(14, 0) 0.3301571402335954
(14, 1) 0.9165824067373183
(14, 2) 1.0
(14, 3) 0.7150240262698303
(14, 4) 0.8809293392306707
(14, 5) 0.9783205938094299
(14, 6) 0.627062027274748
(14, 7) 0.7162833610715961
(14, 8) 0.2042955441027159
(14, 9) 0.3697746802513222
(14, 10) 0.9565438710278897
(14, 11) 0.5538712985503396
(14, 12) 0.4647836087378708
(14, 13) 0.9345920322453688
(14, 14) 1.0
(14, 15) 0.3155750094185732
(14, 16) 0.8809293392306707
(14, 17) 0.204295544102716
(14, 18) 0.6502314606378117
(14, 19) 0.36065779906882867
(14, 20) 0.6857166651816705
(14, 21) 0.3155750094185731
(14, 22) 0.9999999999999999
(14, 23) 0.40642418291763655
(14, 24) 0.8444740405083575
(14, 25) 0.9783205938094303
(14, 26) 0.8809293392306707
(14, 27) 0.3697746802513222
(14, 28) 0.625904014172904
(14, 29) 0.7150240262698302
(15, 0) 0.9997568355055997
(15, 1) 0.6033587899107696
(15, 2) 0.3155750094185701
(15, 3) 0.8402624880934425
(15, 4) 0.6605293270959695
(15, 5) 0.4589371213730601
(15, 6) 0.9026208414146017
(15, 7) 0.8392383954984265
(15, 8) 0.9838274237319359
(15, 9) 0.9967384276613929
(15, 10) 0.5211094646254528
(15, 11) 0.9421686833660787
(15, 12) 0.9765798557483946
(15, 13) 0.5695116203130434
(15, 14) 0.3155750094185732
(15, 15) 1.0
(15, 16) 0.6605293270959696
(15, 17) 0.983827423731936
(15, 18) 0.8878573818090809
(15, 19) 0.9977289353979946
(15, 20) 0.8629948897977269
(15, 21) 1.0
(15, 22) 0.31557500941857314
(15, 23) 0.9910483559021794
(15, 24) 0.7097925186826051
(15, 25) 0.4589371213730589
(15, 26) 0.6605293270959697
(15, 27) 0.9967384276613929
(15, 28) 0.9033294110340775
(15, 29) 0.8402624880934426
(16, 0) 0.6752176509797492
(16, 1) 0.9964859597297981
(16, 2) 0.8809293392306685
(16, 3) 0.9562111791587209
(16, 4) 0.9999999999999999
(16, 5) 0.9587464682156092
(16, 6) 0.910042769637968
(16, 7) 0.9567806487170184
(16, 8) 0.5358759543391547
(16, 9) 0.7134806202696597
(16, 10) 0.9798848254889543
(16, 11) 0.8630286412393992
(16, 12) 0.7962373994123981
(16, 13) 0.9912485730070892
(16, 14) 0.8809293392306707
(16, 15) 0.6605293270959696
(16, 16) 1.0
(16, 17) 0.5358759543391548
(16, 18) 0.9233618048175185
(16, 19) 0.7048816664355292
(16, 20) 0.9421915945656711
(16, 21) 0.6605293270959696
(16, 22) 0.8809293392306707
(16, 23) 0.7468576145320743
(16, 24) 0.9971861645512254
(16, 25) 0.9587464682156086
(16, 26) 1.0
(16, 27) 0.7134806202696597
(16, 28) 0.9093566550909875
(16, 29) 0.9562111791587209
(17, 0) 0.9796586499788819
(17, 1) 0.47660124410345706
(17, 2) 0.2042955441027134
(17, 3) 0.736831529375492
(17, 4) 0.5358759543391547
(17, 5) 0.3345524991602012
(17, 6) 0.8148043552066269
(17, 7) 0.7356012816729761
(17, 8) 1.0
(17, 9) 0.9662872316600619
(17, 10) 0.3944002355651949
(17, 11) 0.8689789235175762
(17, 12) 0.923011892584105
(17, 13) 0.4423492685781525
(17, 14) 0.204295544102716
(17, 15) 0.983827423731936
(17, 16) 0.5358759543391548
(17, 17) 1.0
(17, 18) 0.7957078701121745
(17, 19) 0.9696210038549946
(17, 20) 0.7645073454610865
(17, 21) 0.983827423731936
(17, 22) 0.204295544102716
(17, 23) 0.9514036011666264
(17, 24) 0.5885084387376373
(17, 25) 0.3345524991602001
(17, 26) 0.5358759543391549
(17, 27) 0.9662872316600619
(17, 28) 0.8157333728048779
(17, 29) 0.7368315293754921
(18, 0) 0.8975085090069992
(18, 1) 0.8889032801053514
(18, 2) 0.6502314606378085
(18, 3) 0.9951519922367711
(18, 4) 0.9233618048175185
(18, 5) 0.7826228481873371
(18, 6) 0.9994184337295948
(18, 7) 0.9949561564253284
(18, 8) 0.7957078701121744
(18, 9) 0.9213098088655709
(18, 10) 0.8316354188170585
(18, 11) 0.9903069754956879
(18, 12) 0.9651311683483781
(18, 13) 0.8663988385390603
(18, 14) 0.6502314606378117
(18, 15) 0.8878573818090809
(18, 16) 0.9233618048175185
(18, 17) 0.7957078701121745
(18, 18) 1.0
(18, 19) 0.9161362399966534
(18, 20) 0.9985803490438445
(18, 21) 0.8878573818090808
(18, 22) 0.6502314606378117
(18, 23) 0.9403544135216264
(18, 24) 0.9491615392293089
(18, 25) 0.7826228481873361
(18, 26) 0.9233618048175187
(18, 27) 0.9213098088655709
(18, 28) 0.9993592893248646
(18, 29) 0.9951519922367711
(19, 0) 0.9989712663300083
(19, 1) 0.649462701502828
(19, 2) 0.36065779906882545
(19, 3) 0.8735958068009997
(19, 4) 0.7048816664355292
(19, 5) 0.5065643777484052
(19, 6) 0.9290172649263129
(19, 7) 0.8726666636407217
(19, 8) 0.9696210038549946
(19, 9) 0.9999103686865414
(19, 10) 0.5685726830912532
(19, 11) 0.9623829997783451
(19, 12) 0.988813086182226
(19, 13) 0.6163351793220022
(19, 14) 0.36065779906882867
(19, 15) 0.9977289353979946
(19, 16) 0.7048816664355292
(19, 17) 0.9696210038549946
(19, 18) 0.9161362399966534
(19, 19) 1.0
(19, 20) 0.8940819623198282
(19, 21) 0.9977289353979946
(19, 22) 0.3606577990688286
(19, 23) 0.9977850061585817
(19, 24) 0.7520482974587256
(19, 25) 0.506564377748404
(19, 26) 0.7048816664355293
(19, 27) 0.9999103686865414
(19, 28) 0.9296307758419414
(19, 29) 0.8735958068009997
(20, 0) 0.8735409464080228
(20, 1) 0.9114631757493287
(20, 2) 0.6857166651816673
(20, 3) 0.9989765514187761
(20, 4) 0.9421915945656711
(20, 5) 0.8128799710631567
(20, 6) 0.9961849786498586
(20, 7) 0.9988853430458099
(20, 8) 0.7645073454610863
(20, 9) 0.8998379025502534
(20, 10) 0.8588714154129394
(20, 11) 0.9815370461437085
(20, 12) 0.9499963707244393
(20, 13) 0.8909783573312211
(20, 14) 0.6857166651816705
(20, 15) 0.8629948897977269
(20, 16) 0.9421915945656711
(20, 17) 0.7645073454610865
(20, 18) 0.9985803490438445
(20, 19) 0.8940819623198282
(20, 20) 1.0
(20, 21) 0.8629948897977269
(20, 22) 0.6857166651816704
(20, 23) 0.9212701771836027
(20, 24) 0.9644278736515294
(20, 25) 0.8128799710631558
(20, 26) 0.9421915945656713
(20, 27) 0.8998379025502534
(20, 28) 0.9960359788336965
(20, 29) 0.9989765514187761
(21, 0) 0.9997568355055997
(21, 1) 0.6033587899107695
(21, 2) 0.31557500941857
(21, 3) 0.8402624880934424
(21, 4) 0.6605293270959695
(21, 5) 0.45893712137306003
(21, 6) 0.9026208414146017
(21, 7) 0.8392383954984265
(21, 8) 0.983827423731936
(21, 9) 0.9967384276613929
(21, 10) 0.5211094646254528
(21, 11) 0.9421686833660788
(21, 12) 0.9765798557483947
(21, 13) 0.5695116203130434
(21, 14) 0.3155750094185731
(21, 15) 1.0
(21, 16) 0.6605293270959696
(21, 17) 0.983827423731936
(21, 18) 0.8878573818090808
(21, 19) 0.9977289353979946
(21, 20) 0.8629948897977269
(21, 21) 1.0
(21, 22) 0.3155750094185731
(21, 23) 0.9910483559021794
(21, 24) 0.7097925186826051
(21, 25) 0.45893712137305887
(21, 26) 0.6605293270959697
(21, 27) 0.9967384276613929
(21, 28) 0.9033294110340774
(21, 29) 0.8402624880934426
(22, 0) 0.3301571402335953
(22, 1) 0.9165824067373183
(22, 2) 1.0
(22, 3) 0.7150240262698303
(22, 4) 0.8809293392306707
(22, 5) 0.9783205938094299
(22, 6) 0.627062027274748
(22, 7) 0.7162833610715961
(22, 8) 0.2042955441027159
(22, 9) 0.3697746802513222
(22, 10) 0.9565438710278897
(22, 11) 0.5538712985503395
(22, 12) 0.4647836087378707
(22, 13) 0.9345920322453688
(22, 14) 0.9999999999999999
(22, 15) 0.31557500941857314
(22, 16) 0.8809293392306707
(22, 17) 0.204295544102716
(22, 18) 0.6502314606378117
(22, 19) 0.3606577990688286
(22, 20) 0.6857166651816704
(22, 21) 0.3155750094185731
(22, 22) 0.9999999999999999
(22, 23) 0.40642418291763655
(22, 24) 0.8444740405083574
(22, 25) 0.9783205938094303
(22, 26) 0.8809293392306707
(22, 27) 0.3697746802513222
(22, 28) 0.625904014172904
(22, 29) 0.7150240262698302
(23, 0) 0.9937466946314121
(23, 1) 0.6936626184806347
(23, 2) 0.40642418291763327
(23, 3) 0.9031850787892546
(23, 4) 0.7468576145320743
(23, 5) 0.5535428151587367
(23, 6) 0.9512614897457786
(23, 7) 0.9023579923353565
(23, 8) 0.9514036011666263
(23, 9) 0.9985858849440601
(23, 10) 0.6148362606805327
(23, 11) 0.9782242555800513
(23, 12) 0.9965365276339206
(23, 13) 0.6615411834903155
(23, 14) 0.40642418291763655
(23, 15) 0.9910483559021794
(23, 16) 0.7468576145320743
(23, 17) 0.9514036011666264
(23, 18) 0.9403544135216264
(23, 19) 0.9977850061585817
(23, 20) 0.9212701771836027
(23, 21) 0.9910483559021794
(23, 22) 0.40642418291763655
(23, 23) 1.0
(23, 24) 0.7915331404857826
(23, 25) 0.5535428151587355
(23, 26) 0.7468576145320744
(23, 27) 0.9985858849440601
(23, 28) 0.951775650161029
(23, 29) 0.9031850787892547
(24, 0) 0.7238434504724479
(24, 1) 0.9874227824212407
(24, 2) 0.8444740405083551
(24, 3) 0.9753221116007298
(24, 4) 0.9971861645512254
(24, 5) 0.9350955030299504
(24, 6) 0.93804731044809
(24, 7) 0.9757533648502588
(24, 8) 0.5885084387376371
(24, 9) 0.7601792264959052
(24, 10) 0.9623105646747587
(24, 11) 0.8974102490469895
(24, 12) 0.8372430580363104
(24, 13) 0.978616690929841
(24, 14) 0.8444740405083575
(24, 15) 0.7097925186826051
(24, 16) 0.9971861645512254
(24, 17) 0.5885084387376373
(24, 18) 0.9491615392293089
(24, 19) 0.7520482974587256
(24, 20) 0.9644278736515294
(24, 21) 0.7097925186826051
(24, 22) 0.8444740405083574
(24, 23) 0.7915331404857826
(24, 24) 1.0
(24, 25) 0.9350955030299498
(24, 26) 0.9971861645512254
(24, 27) 0.7601792264959052
(24, 28) 0.9374689622851713
(24, 29) 0.9753221116007298
(25, 0) 0.4744962583190965
(25, 1) 0.9790593775382546
(25, 2) 0.9783205938094293
(25, 3) 0.8371805462098167
(25, 4) 0.9587464682156086
(25, 5) 1.0
(25, 6) 0.7624063321170741
(25, 7) 0.8382099229508642
(25, 8) 0.3345524991602
(25, 9) 0.5160293423392547
(25, 10) 0.9961330541770195
(25, 11) 0.6963222455183989
(25, 12) 0.6115833770705956
(25, 13) 0.9877632539185425
(25, 14) 0.9783205938094303
(25, 15) 0.4589371213730589
(25, 16) 0.9587464682156086
(25, 17) 0.3345524991602001
(25, 18) 0.7826228481873361
(25, 19) 0.506564377748404
(25, 20) 0.8128799710631558
(25, 21) 0.45893712137305887
(25, 22) 0.9783205938094303
(25, 23) 0.5535428151587355
(25, 24) 0.9350955030299498
(25, 25) 1.0
(25, 26) 0.9587464682156086
(25, 27) 0.5160293423392547
(25, 28) 0.7613867213521995
(25, 29) 0.8371805462098166
(26, 0) 0.6752176509797494
(26, 1) 0.9964859597297981
(26, 2) 0.8809293392306685
(26, 3) 0.956211179158721
(26, 4) 0.9999999999999999
(26, 5) 0.9587464682156092
(26, 6) 0.9100427696379682
(26, 7) 0.9567806487170185
(26, 8) 0.5358759543391549
(26, 9) 0.7134806202696599
(26, 10) 0.9798848254889543
(26, 11) 0.8630286412393993
(26, 12) 0.7962373994123984
(26, 13) 0.9912485730070895
(26, 14) 0.8809293392306707
(26, 15) 0.6605293270959697
(26, 16) 1.0
(26, 17) 0.5358759543391549
(26, 18) 0.9233618048175187
(26, 19) 0.7048816664355293
(26, 20) 0.9421915945656713
(26, 21) 0.6605293270959697
(26, 22) 0.8809293392306707
(26, 23) 0.7468576145320744
(26, 24) 0.9971861645512254
(26, 25) 0.9587464682156086
(26, 26) 1.0
(26, 27) 0.7134806202696599
(26, 28) 0.9093566550909875
(26, 29) 0.956211179158721
(27, 0) 0.9982748478071805
(27, 1) 0.6584700030885222
(27, 2) 0.369774680251319
(27, 3) 0.8798206569653846
(27, 4) 0.7134806202696596
(27, 5) 0.5160293423392558
(27, 6) 0.9338025117041391
(27, 7) 0.8789114031620218
(27, 8) 0.9662872316600619
(27, 9) 0.9999999999999999
(27, 10) 0.5779378939033695
(27, 11) 0.9659026323059878
(27, 12) 0.9907168334766391
(27, 13) 0.625521467597483
(27, 14) 0.3697746802513222
(27, 15) 0.9967384276613929
(27, 16) 0.7134806202696597
(27, 17) 0.9662872316600619
(27, 18) 0.9213098088655709
(27, 19) 0.9999103686865414
(27, 20) 0.8998379025502534
(27, 21) 0.9967384276613929
(27, 22) 0.3697746802513222
(27, 23) 0.9985858849440601
(27, 24) 0.7601792264959052
(27, 25) 0.5160293423392547
(27, 26) 0.7134806202696599
(27, 27) 0.9999999999999999
(27, 28) 0.9343964532342399
(27, 29) 0.8798206569653846
(28, 0) 0.9123483066241938
(28, 1) 0.8725011761930299
(28, 2) 0.6259040141729008
(28, 3) 0.9910023090815513
(28, 4) 0.9093566550909875
(28, 5) 0.7613867213522005
(28, 6) 0.999998567326118
(28, 7) 0.9907367817567788
(28, 8) 0.8157333728048777
(28, 9) 0.9343964532342399
(28, 10) 0.8122733460070558
(28, 11) 0.994637026506046
(28, 12) 0.9738191081102281
(28, 13) 0.8487112024945411
(28, 14) 0.625904014172904
(28, 15) 0.9033294110340775
(28, 16) 0.9093566550909875
(28, 17) 0.8157333728048779
(28, 18) 0.9993592893248646
(28, 19) 0.9296307758419414
(28, 20) 0.9960359788336965
(28, 21) 0.9033294110340774
(28, 22) 0.625904014172904
(28, 23) 0.951775650161029
(28, 24) 0.9374689622851713
(28, 25) 0.7613867213521995
(28, 26) 0.9093566550909875
(28, 27) 0.9343964532342399
(28, 28) 1.0
(28, 29) 0.9910023090815512
(29, 0) 0.8515215351844365
(29, 1) 0.9287874917392588
(29, 2) 0.7150240262698271
(29, 3) 1.0
(29, 4) 0.9562111791587209
(29, 5) 0.8371805462098175
(29, 6) 0.9912269530810525
(29, 7) 0.9999980516269922
(29, 8) 0.736831529375492
(29, 9) 0.8798206569653846
(29, 10) 0.8804013055123758
(29, 11) 0.9719425501088936
(29, 12) 0.9351372123868735
(29, 13) 0.9101091339515764
(29, 14) 0.7150240262698302
(29, 15) 0.8402624880934426
(29, 16) 0.9562111791587209
(29, 17) 0.7368315293754921
(29, 18) 0.9951519922367711
(29, 19) 0.8735958068009997
(29, 20) 0.9989765514187761
(29, 21) 0.8402624880934426
(29, 22) 0.7150240262698302
(29, 23) 0.9031850787892547
(29, 24) 0.9753221116007298
(29, 25) 0.8371805462098166
(29, 26) 0.956211179158721
(29, 27) 0.8798206569653846
(29, 28) 0.9910023090815512
(29, 29) 1.0
(0, 0) 1.0
(0, 1) 0.9899344053591097
(0, 2) 0.965108809025496
(0, 3) 0.989694838989856
(0, 4) 0.999450235892613
(0, 5) 0.9962213983377255
(0, 6) 0.9977489933092722
(0, 7) 0.9779945105286605
(0, 8) 0.9430153868720421
(0, 9) 0.9708840960447823
(1, 0) 0.9899344053591097
(1, 1) 1.0
(1, 2) 0.9191103823854594
(1, 3) 0.9596748222227343
(1, 4) 0.9847159689052631
(1, 5) 0.9739829905433112
(1, 6) 0.9782673890148101
(1, 7) 0.9390841194311119
(1, 8) 0.8878171984818273
(1, 9) 0.9278384718055188
(2, 0) 0.965108809025496
(2, 1) 0.9191103823854594
(2, 2) 1.0
(2, 3) 0.9925869193634372
(2, 4) 0.9732003075075172
(2, 5) 0.9841113534670396
(2, 6) 0.9804079060736763
(2, 7) 0.9984794984763264
(2, 8) 0.9971781208401534
(2, 9) 0.9997303227546155
(3, 0) 0.989694838989856
(3, 1) 0.9596748222227343
(3, 2) 0.9925869193634372
(3, 3) 1.0
(3, 4) 0.993890935100064
(3, 5) 0.9983864043776287
(3, 6) 0.997062323060343
(3, 7) 0.997773579708439
(3, 8) 0.9807062949793632
(3, 9) 0.99513817792516
(4, 0) 0.999450235892613
(4, 1) 0.9847159689052631
(4, 2) 0.9732003075075172
(4, 3) 0.993890935100064
(4, 4) 1.0
(4, 5) 0.9985521424342623
(4, 6) 0.9994234676893119
(4, 7) 0.984346472172196
(4, 8) 0.9533959620538575
(4, 9) 0.97824854853746
(5, 0) 0.9962213983377255
(5, 1) 0.9739829905433112
(5, 2) 0.9841113534670396
(5, 3) 0.9983864043776287
(5, 4) 0.9985521424342623
(5, 5) 1.0
(5, 6) 0.9998027083490089
(5, 7) 0.9923836472533064
(5, 8) 0.9681128053268727
(5, 9) 0.9879566259921932
(6, 0) 0.9977489933092722
(6, 1) 0.9782673890148101
(6, 2) 0.9804079060736763
(6, 3) 0.997062323060343
(6, 4) 0.9994234676893119
(6, 5) 0.9998027083490089
(6, 6) 0.9999999999999999
(6, 7) 0.9897473093329443
(6, 8) 0.9629928062230765
(6, 9) 0.9847001163080483
(7, 0) 0.9779945105286605
(7, 1) 0.9390841194311119
(7, 2) 0.9984794984763264
(7, 3) 0.997773579708439
(7, 4) 0.984346472172196
(7, 5) 0.9923836472533064
(7, 6) 0.9897473093329443
(7, 7) 1.0
(7, 8) 0.9915324090621859
(7, 9) 0.9994901893301436
(8, 0) 0.9430153868720421
(8, 1) 0.8878171984818273
(8, 2) 0.9971781208401534
(8, 3) 0.9807062949793632
(8, 4) 0.9533959620538575
(8, 5) 0.9681128053268727
(8, 6) 0.9629928062230765
(8, 7) 0.9915324090621859
(8, 8) 1.0
(8, 9) 0.9951679615537079
(9, 0) 0.9708840960447823
(9, 1) 0.9278384718055188
(9, 2) 0.9997303227546155
(9, 3) 0.99513817792516
(9, 4) 0.97824854853746
(9, 5) 0.9879566259921932
(9, 6) 0.9847001163080483
(9, 7) 0.9994901893301436
(9, 8) 0.9951679615537079
(9, 9) 1.0
