(0, 0) 1.0
(0, 1) 0.9994440693895682
(0, 2) 0.9948479394415475
(0, 3) 0.999979611951512
(0, 4) 0.9997357670662856
(0, 5) 0.9978314349164239
(0, 6) 0.99950476019804
(0, 7) 0.9999927975792318
(0, 8) 0.9931190544179775
(0, 9) 0.9976446481576887
(0, 10) 0.9858971525128148
(0, 11) 0.09157444115832275
(0, 12) 0.99954802709405
(0, 13) 0.992788704972938
(0, 14) 0.9776898263013507
(0, 15) 0.9986946801733398
(0, 16) 0.9997357670662856
(0, 17) 0.9931190544179775
(0, 18) 0.00354562767463501
(0, 19) 0.9729254222280597
(0, 20) 0.020860906598005158
(0, 21) 0.9940428318586382
(0, 22) 0.9948479394415476
(0, 23) 0.9958731070415774
(0, 24) 0.03843834261568363
(0, 25) 0.9978314349164239
(0, 26) 0.9997357670662856
(0, 27) 0.9976446481576887
(0, 28) 0.9653159522742643
(0, 29) 0.9999962935451606
(1, 0) 0.9994440693895682
(1, 1) 1.0
(1, 2) 0.997672850606459
(1, 3) 0.9996365683626068
(1, 4) 0.9999463540246047
(1, 5) 0.9994708938707776
(1, 6) 0.9979005148689486
(1, 7) 0.999563394404327
(1, 8) 0.9886736501817096
(1, 9) 0.9948060776700284
(1, 10) 0.990915800857735
(1, 11) 0.07843129538921029
(1, 12) 0.9979905762901073
(1, 13) 0.9962297054914866
(1, 14) 0.9841213033537926
(1, 15) 0.9964380644444081
(1, 16) 0.9999463540246047
(1, 17) 0.9886736501817096
(1, 18) 0.0012954439051441335
(1, 19) 0.9647482079595886
(1, 20) 0.014655994718081822
(1, 21) 0.9898657358293266
(1, 22) 0.9976728506064592
(1, 23) 0.9922994957882473
(1, 24) 0.04801492020568804
(1, 25) 0.9994708938707775
(1, 26) 0.9999463540246047
(1, 27) 0.9948060776700284
(1, 28) 0.9561723925993907
(1, 29) 0.99953112780845
(2, 0) 0.9948479394415475
(2, 1) 0.997672850606459
(2, 2) 1.0
(2, 3) 0.9954742818684892
(2, 4) 0.9969136356674714
(2, 5) 0.9993623240512877
(2, 6) 0.9911721455169087
(2, 7) 0.9952250812601524
(2, 8) 0.9762013893039007
(2, 9) 0.9855759754195409
(2, 10) 0.9977741254081198
(2, 11) 0.054484753670274555
(2, 12) 0.9913572389598513
(2, 13) 0.9998262421195411
(2, 14) 0.993914754054003
(2, 15) 0.9883862707291966
(2, 16) 0.9969136356674714
(2, 17) 0.9762013893039007
(2, 18) 0.00015028084278867482
(2, 19) 0.9448132336449728
(2, 20) 0.005334151196730086
(2, 21) 0.977933684373453
(2, 22) 1.0
(2, 23) 0.9815842098609298
(2, 24) 0.07072201693151842
(2, 25) 0.9993623240512874
(2, 26) 0.9969136356674714
(2, 27) 0.9855759754195409
(2, 28) 0.9343214513450234
(2, 29) 0.9951199334809139
(3, 0) 0.999979611951512
(3, 1) 0.9996365683626068
(3, 2) 0.9954742818684892
(3, 3) 1.0
(3, 4) 0.9998621639123197
(3, 5) 0.9982312116307093
(3, 6) 0.9992834767700155
(3, 7) 0.9999966452738711
(3, 8) 0.9923524326736592
(3, 9) 0.9971866030500556
(3, 10) 0.9869421752359282
(3, 11) 0.08898647013787064
(3, 12) 0.9993357148497269
(3, 13) 0.9935327078820417
(3, 14) 0.9790040703004301
(3, 15) 0.9983482923264
(3, 16) 0.9998621639123199
(3, 17) 0.9923524326736595
(3, 18) 0.0030291006086896055
(3, 19) 0.9714404755298692
(3, 20) 0.019589812753844915
(3, 21) 0.9933277650170439
(3, 22) 0.9954742818684891
(3, 23) 0.9952739560096924
(3, 24) 0.04019330149785677
(3, 25) 0.9982312116307093
(3, 26) 0.9998621639123199
(3, 27) 0.9971866030500556
(3, 28) 0.963644586723631
(3, 29) 0.9999932913385019
(4, 0) 0.9997357670662856
(4, 1) 0.9999463540246047
(4, 2) 0.9969136356674714
(4, 3) 0.9998621639123197
(4, 4) 1.0
(4, 5) 0.9990804493592618
(4, 6) 0.9985175758753073
(4, 7) 0.9998158060629028
(4, 8) 0.9901713146792667
(4, 9) 0.9958059295312847
(4, 10) 0.9894733413462722
(4, 11) 0.08241470550280927
(4, 12) 0.9985931188139465
(4, 13) 0.9952787163391859
(4, 14) 0.9822382332107459
(4, 15) 0.9972574807966541
(4, 16) 1.0
(4, 17) 0.9901713146792667
(4, 18) 0.0018758345628216988
(4, 19) 0.9673997169346348
(4, 20) 0.01646837559854325
(4, 21) 0.9912803158872152
(4, 22) 0.9969136356674714
(4, 23) 0.9935271415279293
(4, 24) 0.04493164286196499
(4, 25) 0.9990804493592618
(4, 26) 1.0
(4, 27) 0.9958059295312847
(4, 28) 0.9591221205336369
(4, 29) 0.9997946438781173
(5, 0) 0.9978314349164239
(5, 1) 0.9994708938707776
(5, 2) 0.9993623240512877
(5, 3) 0.9982312116307093
(5, 4) 0.9990804493592618
(5, 5) 1.0
(5, 6) 0.9952684637363008
(5, 7) 0.9980739430101999
(5, 8) 0.9832895679880198
(5, 9) 0.9909764635599666
(5, 10) 0.9947599402370406
(5, 11) 0.06651237893728673
(5, 12) 0.9954039843896962
(5, 13) 0.998523321543668
(5, 14) 0.9893583431374511
(5, 15) 0.9931727018053658
(5, 16) 0.9990804493592618
(5, 17) 0.9832895679880198
(5, 18) 0.00016887910580087873
(5, 19) 0.9557746832443661
(5, 20) 0.009642609609599895
(5, 21) 0.9847408576339851
(5, 22) 0.9993623240512877
(5, 23) 0.9877581553682933
(5, 24) 0.05832629798133687
(5, 25) 1.0
(5, 26) 0.9990804493592618
(5, 27) 0.9909764635599666
(5, 28) 0.9462744892468344
(5, 29) 0.9980068559946764
(6, 0) 0.99950476019804
(6, 1) 0.9979005148689486
(6, 2) 0.9911721455169087
(6, 3) 0.9992834767700155
(6, 4) 0.9985175758753073
(6, 5) 0.9952684637363008
(6, 6) 1.0
(6, 7) 0.999378147437131
(6, 8) 0.9963089958737952
(6, 9) 0.9993087208645803
(6, 10) 0.980169022087803
(6, 11) 0.1048129776236037
(6, 12) 0.9999990108407835
(6, 13) 0.988535605516287
(6, 14) 0.9706449162693935
(6, 15) 0.9998073231745996
(6, 16) 0.9985175758753072
(6, 17) 0.9963089958737952
(6, 18) 0.006682232559312662
(6, 19) 0.9796788884536463
(6, 20) 0.027694925710169294
(6, 21) 0.9969776416937446
(6, 22) 0.9911721455169087
(6, 23) 0.998234574064615
(6, 24) 0.030340882688444093
(6, 25) 0.9952684637363008
(6, 26) 0.9985175758753072
(6, 27) 0.9993087208645803
(6, 28) 0.9729970425198095
(6, 29) 0.9994153913626029
(7, 0) 0.9999927975792318
(7, 1) 0.999563394404327
(7, 2) 0.9952250812601524
(7, 3) 0.9999966452738711
(7, 4) 0.9998158060629028
(7, 5) 0.9980739430101999
(7, 6) 0.999378147437131
(7, 7) 1.0
(7, 8) 0.9926682480853264
(7, 9) 0.9973772939133794
(7, 10) 0.9865230558521209
(7, 11) 0.0900322227647925
(7, 12) 0.9994267469290143
(7, 13) 0.9932357599888164
(7, 14) 0.9784756650447495
(7, 15) 0.998493701580452
(7, 16) 0.9998158060629028
(7, 17) 0.9926682480853264
(7, 18) 0.003233740628109716
(7, 19) 0.9720474691247254
(7, 20) 0.020100700610644173
(7, 21) 0.9936226771116928
(7, 22) 0.9952250812601524
(7, 23) 0.9955218667553185
(7, 24) 0.03947689361768508
(7, 25) 0.9980739430101999
(7, 26) 0.9998158060629028
(7, 27) 0.9973772939133794
(7, 28) 0.9643271232519274
(7, 29) 0.9999994246488546
(8, 0) 0.9931190544179775
(8, 1) 0.9886736501817096
(8, 2) 0.9762013893039007
(8, 3) 0.9923524326736592
(8, 4) 0.9901713146792667
(8, 5) 0.9832895679880198
(8, 6) 0.9963089958737952
(8, 7) 0.9926682480853264
(8, 8) 1.0
(8, 9) 0.9988105080787142
(8, 10) 0.9597152579967373
(8, 11) 0.14488066952749357
(8, 12) 0.9961873904478931
(8, 13) 0.9720179009168085
(8, 14) 0.9466980993131859
(8, 15) 0.9978010827130842
(8, 16) 0.9901713146792667
(8, 17) 1.0
(8, 18) 0.020204983072985017
(8, 19) 0.9932504512972783
(8, 20) 0.05108366637449335
(8, 21) 0.9999665068312231
(8, 22) 0.9762013893039008
(8, 23) 0.9996480389471787
(8, 24) 0.013005055494851314
(8, 25) 0.9832895679880197
(8, 26) 0.9901713146792667
(8, 27) 0.9988105080787142
(8, 28) 0.9891643423345927
(8, 29) 0.9927971014426753
(9, 0) 0.9976446481576887
(9, 1) 0.9948060776700284
(9, 2) 0.9855759754195409
(9, 3) 0.9971866030500556
(9, 4) 0.9958059295312847
(9, 5) 0.9909764635599666
(9, 6) 0.9993087208645803
(9, 7) 0.9973772939133794
(9, 8) 0.9988105080787142
(9, 9) 1.0
(9, 10) 0.9721764238771702
(9, 11) 0.12146101876832716
(9, 12) 0.9992554526075319
(9, 13) 0.9822641692029486
(9, 14) 0.9611210602045835
(9, 15) 0.999845901407032
(9, 16) 0.9958059295312847
(9, 17) 0.9988105080787142
(9, 18) 0.011646911983093144
(9, 19) 0.9864325999963215
(9, 20) 0.0369738848753543
(9, 21) 0.9991760488813551
(9, 22) 0.985575975419541
(9, 23) 0.9997524576783723
(9, 24) 0.021973875303497536
(9, 25) 0.9909764635599666
(9, 26) 0.9958059295312847
(9, 27) 1.0
(9, 28) 0.9808636535302923
(9, 29) 0.9974543107155643
(10, 0) 0.9858971525128148
(10, 1) 0.990915800857735
(10, 2) 0.9977741254081198
(10, 3) 0.9869421752359282
(10, 4) 0.9894733413462722
(10, 5) 0.9947599402370406
(10, 6) 0.980169022087803
(10, 7) 0.9865230558521209
(10, 8) 0.9597152579967373
(10, 9) 0.9721764238771702
(10, 10) 1.0
(10, 11) 0.035075246572937424
(10, 12) 0.9804453948693468
(10, 13) 0.9988434539152118
(10, 14) 0.9990460727850721
(10, 15) 0.9761138581670279
(10, 16) 0.9894733413462723
(10, 17) 0.9597152579967372
(10, 18) 0.00353084192148434
(10, 19) 0.9213108240498981
(10, 20) 0.0006708497807297875
(10, 21) 0.9619603065431055
(10, 22) 0.9977741254081199
(10, 23) 0.9667680184738597
(10, 24) 0.09679581834945805
(10, 25) 0.9947599402370406
(10, 26) 0.9894733413462723
(10, 27) 0.9721764238771702
(10, 28) 0.9090396004685724
(10, 29) 0.9863475735008278
(11, 0) 0.09157444115832275
(11, 1) 0.07843129538921029
(11, 2) 0.054484753670274555
(11, 3) 0.08898647013787064
(11, 4) 0.08241470550280927
(11, 5) 0.06651237893728673
(11, 6) 0.1048129776236037
(11, 7) 0.0900322227647925
(11, 8) 0.14488066952749357
(11, 9) 0.12146101876832716
(11, 10) 0.035075246572937424
(11, 11) 1.0
(11, 12) 0.10420446487010088
(11, 13) 0.04865633921242546
(11, 14) 0.024603585805809514
(11, 15) 0.11346816908886326
(11, 16) 0.08241470550280927
(11, 17) 0.14488066952749362
(11, 18) 0.9398169082914645
(11, 19) 0.20731331338414843
(11, 20) 0.9738276973341716
(11, 21) 0.140830472670119
(11, 22) 0.05448475367027472
(11, 23) 0.13192622242800817
(11, 24) 0.766126860568402
(11, 25) 0.06651237893728662
(11, 26) 0.08241470550280927
(11, 27) 0.12146101876832716
(11, 28) 0.2254569215589987
(11, 29) 0.0904669130477545
(12, 0) 0.99954802709405
(12, 1) 0.9979905762901073
(12, 2) 0.9913572389598513
(12, 3) 0.9993357148497269
(12, 4) 0.9985931188139465
(12, 5) 0.9954039843896962
(12, 6) 0.9999990108407835
(12, 7) 0.9994267469290143
(12, 8) 0.9961873904478931
(12, 9) 0.9992554526075319
(12, 10) 0.9804453948693468
(12, 11) 0.10420446487010088
(12, 12) 1.0
(12, 13) 0.9887463944893136
(12, 14) 0.9709797496521206
(12, 15) 0.9997787263435849
(12, 16) 0.9985931188139465
(12, 17) 0.9961873904478931
(12, 18) 0.006521151505742562
(12, 19) 0.9793972808108407
(12, 20) 0.0273694494751745
(12, 21) 0.9968674695948099
(12, 22) 0.9913572389598515
(12, 23) 0.9981500850406816
(12, 24) 0.030682994153230392
(12, 25) 0.9954039843896965
(12, 26) 0.9985931188139465
(12, 27) 0.9992554526075319
(12, 28) 0.9726736850478628
(12, 29) 0.9994624838086708
(13, 0) 0.992788704972938
(13, 1) 0.9962297054914866
(13, 2) 0.9998262421195411
(13, 3) 0.9935327078820417
(13, 4) 0.9952787163391859
(13, 5) 0.998523321543668
(13, 6) 0.988535605516287
(13, 7) 0.9932357599888164
(13, 8) 0.9720179009168085
(13, 9) 0.9822641692029486
(13, 10) 0.9988434539152118
(13, 11) 0.04865633921242546
(13, 12) 0.9887463944893136
(13, 13) 1.0
(13, 14) 0.9957932255613007
(13, 15) 0.9853922299986014
(13, 16) 0.9952787163391859
(13, 17) 0.9720179009168086
(13, 18) 0.0006471212685816852
(13, 19) 0.9386392295011042
(13, 20) 0.003585902615949599
(13, 21) 0.9738951599265171
(13, 22) 0.9998262421195411
(13, 23) 0.9778726088671905
(13, 24) 0.07762914289596862
(13, 25) 0.998523321543668
(13, 26) 0.9952787163391859
(13, 27) 0.9822641692029486
(13, 28) 0.9276403483553435
(13, 29) 0.9931108463581422
(14, 0) 0.9776898263013507
(14, 1) 0.9841213033537926
(14, 2) 0.993914754054003
(14, 3) 0.9790040703004301
(14, 4) 0.9822382332107459
(14, 5) 0.9893583431374511
(14, 6) 0.9706449162693935
(14, 7) 0.9784756650447495
(14, 8) 0.9466980993131859
(14, 9) 0.9611210602045835
(14, 10) 0.9990460727850721
(14, 11) 0.024603585805809514
(14, 12) 0.9709797496521206
(14, 13) 0.9957932255613007
(14, 14) 1.0
(14, 15) 0.9657778486443233
(14, 16) 0.9822382332107459
(14, 17) 0.9466980993131859
(14, 18) 0.008140311928945876
(14, 19) 0.9038828165185655
(14, 20) 2.4869563470697464e-05
(14, 21) 0.9492682041470354
(14, 22) 0.9939147540540029
(14, 23) 0.954810754996298
(14, 24) 0.1158209056940625
(14, 25) 0.9893583431374512
(14, 26) 0.9822382332107459
(14, 27) 0.9611210602045835
(14, 28) 0.890505141357002
(14, 29) 0.9782549555614322
(15, 0) 0.9986946801733398
(15, 1) 0.9964380644444081
(15, 2) 0.9883862707291966
(15, 3) 0.9983482923264
(15, 4) 0.9972574807966541
(15, 5) 0.9931727018053658
(15, 6) 0.9998073231745996
(15, 7) 0.998493701580452
(15, 8) 0.9978010827130842
(15, 9) 0.999845901407032
(15, 10) 0.9761138581670279
(15, 11) 0.11346816908886326
(15, 12) 0.9997787263435849
(15, 13) 0.9853922299986014
(15, 14) 0.9657778486443233
(15, 15) 1.0
(15, 16) 0.9972574807966541
(15, 17) 0.9978010827130842
(15, 18) 0.009133892665380117
(15, 19) 0.9834107261194647
(15, 20) 0.032432096862275994
(15, 21) 0.9983098965934414
(15, 22) 0.9883862707291966
(15, 23) 0.999207894193997
(15, 24) 0.025760556631077736
(15, 25) 0.9931727018053658
(15, 26) 0.9972574807966541
(15, 27) 0.999845901407032
(15, 28) 0.9773142720425763
(15, 29) 0.9985519614424931
(16, 0) 0.9997357670662856
(16, 1) 0.9999463540246047
(16, 2) 0.9969136356674714
(16, 3) 0.9998621639123199
(16, 4) 1.0
(16, 5) 0.9990804493592618
(16, 6) 0.9985175758753072
(16, 7) 0.9998158060629028
(16, 8) 0.9901713146792667
(16, 9) 0.9958059295312847
(16, 10) 0.9894733413462723
(16, 11) 0.08241470550280927
(16, 12) 0.9985931188139465
(16, 13) 0.9952787163391859
(16, 14) 0.9822382332107459
(16, 15) 0.9972574807966541
(16, 16) 1.0
(16, 17) 0.9901713146792666
(16, 18) 0.0018758345628216988
(16, 19) 0.9673997169346348
(16, 20) 0.01646837559854325
(16, 21) 0.9912803158872151
(16, 22) 0.9969136356674714
(16, 23) 0.9935271415279292
(16, 24) 0.044931642861965104
(16, 25) 0.9990804493592618
(16, 26) 1.0
(16, 27) 0.9958059295312847
(16, 28) 0.9591221205336369
(16, 29) 0.9997946438781173
(17, 0) 0.9931190544179775
(17, 1) 0.9886736501817096
(17, 2) 0.9762013893039007
(17, 3) 0.9923524326736595
(17, 4) 0.9901713146792667
(17, 5) 0.9832895679880198
(17, 6) 0.9963089958737952
(17, 7) 0.9926682480853264
(17, 8) 1.0
(17, 9) 0.9988105080787142
(17, 10) 0.9597152579967372
(17, 11) 0.14488066952749362
(17, 12) 0.9961873904478931
(17, 13) 0.9720179009168086
(17, 14) 0.9466980993131859
(17, 15) 0.9978010827130842
(17, 16) 0.9901713146792666
(17, 17) 1.0
(17, 18) 0.020204983072985017
(17, 19) 0.9932504512972783
(17, 20) 0.05108366637449335
(17, 21) 0.9999665068312231
(17, 22) 0.9762013893039008
(17, 23) 0.9996480389471787
(17, 24) 0.013005055494851314
(17, 25) 0.9832895679880197
(17, 26) 0.9901713146792666
(17, 27) 0.9988105080787142
(17, 28) 0.9891643423345928
(17, 29) 0.9927971014426753
(18, 0) 0.00354562767463501
(18, 1) 0.0012954439051441335
(18, 2) 0.00015028084278867482
(18, 3) 0.0030291006086896055
(18, 4) 0.0018758345628216988
(18, 5) 0.00016887910580087873
(18, 6) 0.006682232559312662
(18, 7) 0.003233740628109716
(18, 8) 0.020204983072985017
(18, 9) 0.011646911983093144
(18, 10) 0.00353084192148434
(18, 11) 0.9398169082914645
(18, 12) 0.006521151505742562
(18, 13) 0.0006471212685816852
(18, 14) 0.008140311928945876
(18, 15) 0.009133892665380117
(18, 16) 0.0018758345628216988
(18, 17) 0.020204983072985017
(18, 18) 1.0
(18, 19) 0.04972237336186541
(18, 20) 0.9927314221204255
(18, 21) 0.018608585520964782
(18, 22) 0.00015028084278867482
(18, 23) 0.015264377064152346
(18, 24) 0.9354338721863061
(18, 25) 0.00016887910580098975
(18, 26) 0.0018758345628216988
(18, 27) 0.011646911983093144
(18, 28) 0.05973600760595493
(18, 29) 0.003320440507098621
(19, 0) 0.9729254222280597
(19, 1) 0.9647482079595886
(19, 2) 0.9448132336449728
(19, 3) 0.9714404755298692
(19, 4) 0.9673997169346348
(19, 5) 0.9557746832443661
(19, 6) 0.9796788884536463
(19, 7) 0.9720474691247254
(19, 8) 0.9932504512972783
(19, 9) 0.9864325999963215
(19, 10) 0.9213108240498981
(19, 11) 0.20731331338414843
(19, 12) 0.9793972808108407
(19, 13) 0.9386392295011042
(19, 14) 0.9038828165185655
(19, 15) 0.9834107261194647
(19, 16) 0.9673997169346348
(19, 17) 0.9932504512972783
(19, 18) 0.04972237336186541
(19, 19) 1.0
(19, 20) 0.09319748935878797
(19, 21) 0.9922697174262161
(19, 22) 0.9448132336449729
(19, 23) 0.9898316205138319
(19, 24) 0.0010262111625546355
(19, 25) 0.955774683244366
(19, 26) 0.9673997169346348
(19, 27) 0.9864325999963215
(19, 28) 0.9995145356551735
(19, 29) 0.9722969896465606
(20, 0) 0.020860906598005158
(20, 1) 0.014655994718081822
(20, 2) 0.005334151196730086
(20, 3) 0.019589812753844915
(20, 4) 0.01646837559854325
(20, 5) 0.009642609609599895
(20, 6) 0.027694925710169294
(20, 7) 0.020100700610644173
(20, 8) 0.05108366637449335
(20, 9) 0.0369738848753543
(20, 10) 0.0006708497807297875
(20, 11) 0.9738276973341716
(20, 12) 0.0273694494751745
(20, 13) 0.003585902615949599
(20, 14) 2.4869563470697464e-05
(20, 15) 0.032432096862275994
(20, 16) 0.01646837559854325
(20, 17) 0.05108366637449335
(20, 18) 0.9927314221204255
(20, 19) 0.09319748935878797
(20, 20) 1.0
(20, 21) 0.04856540666366116
(20, 22) 0.005334151196730141
(20, 23) 0.04314012871114786
(20, 24) 0.8873516871326281
(20, 25) 0.009642609609599895
(20, 26) 0.01646837559854325
(20, 27) 0.0369738848753543
(20, 28) 0.10639988658218352
(20, 29) 0.020314161176269885
(21, 0) 0.9940428318586382
(21, 1) 0.9898657358293266
(21, 2) 0.977933684373453
(21, 3) 0.9933277650170439
(21, 4) 0.9912803158872152
(21, 5) 0.9847408576339851
(21, 6) 0.9969776416937446
(21, 7) 0.9936226771116928
(21, 8) 0.9999665068312231
(21, 9) 0.9991760488813551
(21, 10) 0.9619603065431055
(21, 11) 0.140830472670119
(21, 12) 0.9968674695948099
(21, 13) 0.9738951599265171
(21, 14) 0.9492682041470354
(21, 15) 0.9983098965934414
(21, 16) 0.9912803158872151
(21, 17) 0.9999665068312231
(21, 18) 0.018608585520964782
(21, 19) 0.9922697174262161
(21, 20) 0.04856540666366116
(21, 21) 1.0
(21, 22) 0.977933684373453
(21, 23) 0.9998316752944464
(21, 24) 0.01434901479037487
(21, 25) 0.9847408576339851
(21, 26) 0.9912803158872151
(21, 27) 0.9991760488813551
(21, 28) 0.9879332828806304
(21, 29) 0.993742869990922
(22, 0) 0.9948479394415476
(22, 1) 0.9976728506064592
(22, 2) 1.0
(22, 3) 0.9954742818684891
(22, 4) 0.9969136356674714
(22, 5) 0.9993623240512877
(22, 6) 0.9911721455169087
(22, 7) 0.9952250812601524
(22, 8) 0.9762013893039008
(22, 9) 0.985575975419541
(22, 10) 0.9977741254081199
(22, 11) 0.05448475367027472
(22, 12) 0.9913572389598515
(22, 13) 0.9998262421195411
(22, 14) 0.9939147540540029
(22, 15) 0.9883862707291966
(22, 16) 0.9969136356674714
(22, 17) 0.9762013893039008
(22, 18) 0.00015028084278867482
(22, 19) 0.9448132336449729
(22, 20) 0.005334151196730141
(22, 21) 0.977933684373453
(22, 22) 1.0
(22, 23) 0.9815842098609298
(22, 24) 0.07072201693151836
(22, 25) 0.9993623240512877
(22, 26) 0.9969136356674714
(22, 27) 0.985575975419541
(22, 28) 0.9343214513450235
(22, 29) 0.9951199334809139
(23, 0) 0.9958731070415774
(23, 1) 0.9922994957882473
(23, 2) 0.9815842098609298
(23, 3) 0.9952739560096924
(23, 4) 0.9935271415279293
(23, 5) 0.9877581553682933
(23, 6) 0.998234574064615
(23, 7) 0.9955218667553185
(23, 8) 0.9996480389471787
(23, 9) 0.9997524576783723
(23, 10) 0.9667680184738597
(23, 11) 0.13192622242800817
(23, 12) 0.9981500850406816
(23, 13) 0.9778726088671905
(23, 14) 0.954810754996298
(23, 15) 0.999207894193997
(23, 16) 0.9935271415279292
(23, 17) 0.9996480389471787
(23, 18) 0.015264377064152346
(23, 19) 0.9898316205138319
(23, 20) 0.04314012871114786
(23, 21) 0.9998316752944464
(23, 22) 0.9815842098609298
(23, 23) 1.0
(23, 24) 0.017598111530239047
(23, 25) 0.9877581553682933
(23, 26) 0.9935271415279292
(23, 27) 0.9997524576783723
(23, 28) 0.9849361562856835
(23, 29) 0.9956225874197351
(24, 0) 0.03843834261568363
(24, 1) 0.04801492020568804
(24, 2) 0.07072201693151842
(24, 3) 0.04019330149785677
(24, 4) 0.04493164286196499
(24, 5) 0.05832629798133687
(24, 6) 0.030340882688444093
(24, 7) 0.03947689361768508
(24, 8) 0.013005055494851314
(24, 9) 0.021973875303497536
(24, 10) 0.09679581834945805
(24, 11) 0.766126860568402
(24, 12) 0.030682994153230392
(24, 13) 0.07762914289596862
(24, 14) 0.1158209056940625
(24, 15) 0.025760556631077736
(24, 16) 0.044931642861965104
(24, 17) 0.013005055494851314
(24, 18) 0.9354338721863061
(24, 19) 0.0010262111625546355
(24, 20) 0.8873516871326281
(24, 21) 0.01434901479037487
(24, 22) 0.07072201693151836
(24, 23) 0.017598111530239047
(24, 24) 1.0
(24, 25) 0.05832629798133693
(24, 26) 0.044931642861965104
(24, 27) 0.021973875303497536
(24, 28) 0.00010009616085615569
(24, 29) 0.039182015880453114
(25, 0) 0.9978314349164239
(25, 1) 0.9994708938707775
(25, 2) 0.9993623240512874
(25, 3) 0.9982312116307093
(25, 4) 0.9990804493592618
(25, 5) 1.0
(25, 6) 0.9952684637363008
(25, 7) 0.9980739430101999
(25, 8) 0.9832895679880197
(25, 9) 0.9909764635599666
(25, 10) 0.9947599402370406
(25, 11) 0.06651237893728662
(25, 12) 0.9954039843896965
(25, 13) 0.998523321543668
(25, 14) 0.9893583431374512
(25, 15) 0.9931727018053658
(25, 16) 0.9990804493592618
(25, 17) 0.9832895679880197
(25, 18) 0.00016887910580098975
(25, 19) 0.955774683244366
(25, 20) 0.009642609609599895
(25, 21) 0.9847408576339851
(25, 22) 0.9993623240512877
(25, 23) 0.9877581553682933
(25, 24) 0.05832629798133693
(25, 25) 1.0
(25, 26) 0.9990804493592618
(25, 27) 0.9909764635599666
(25, 28) 0.9462744892468344
(25, 29) 0.9980068559946764
(26, 0) 0.9997357670662856
(26, 1) 0.9999463540246047
(26, 2) 0.9969136356674714
(26, 3) 0.9998621639123199
(26, 4) 1.0
(26, 5) 0.9990804493592618
(26, 6) 0.9985175758753072
(26, 7) 0.9998158060629028
(26, 8) 0.9901713146792667
(26, 9) 0.9958059295312847
(26, 10) 0.9894733413462723
(26, 11) 0.08241470550280927
(26, 12) 0.9985931188139465
(26, 13) 0.9952787163391859
(26, 14) 0.9822382332107459
(26, 15) 0.9972574807966541
(26, 16) 1.0
(26, 17) 0.9901713146792666
(26, 18) 0.0018758345628216988
(26, 19) 0.9673997169346348
(26, 20) 0.01646837559854325
(26, 21) 0.9912803158872151
(26, 22) 0.9969136356674714
(26, 23) 0.9935271415279292
(26, 24) 0.044931642861965104
(26, 25) 0.9990804493592618
(26, 26) 1.0
(26, 27) 0.9958059295312847
(26, 28) 0.9591221205336369
(26, 29) 0.9997946438781173
(27, 0) 0.9976446481576887
(27, 1) 0.9948060776700284
(27, 2) 0.9855759754195409
(27, 3) 0.9971866030500556
(27, 4) 0.9958059295312847
(27, 5) 0.9909764635599666
(27, 6) 0.9993087208645803
(27, 7) 0.9973772939133794
(27, 8) 0.9988105080787142
(27, 9) 1.0
(27, 10) 0.9721764238771702
(27, 11) 0.12146101876832716
(27, 12) 0.9992554526075319
(27, 13) 0.9822641692029486
(27, 14) 0.9611210602045835
(27, 15) 0.999845901407032
(27, 16) 0.9958059295312847
(27, 17) 0.9988105080787142
(27, 18) 0.011646911983093144
(27, 19) 0.9864325999963215
(27, 20) 0.0369738848753543
(27, 21) 0.9991760488813551
(27, 22) 0.985575975419541
(27, 23) 0.9997524576783723
(27, 24) 0.021973875303497536
(27, 25) 0.9909764635599666
(27, 26) 0.9958059295312847
(27, 27) 1.0
(27, 28) 0.9808636535302923
(27, 29) 0.9974543107155643
(28, 0) 0.9653159522742643
(28, 1) 0.9561723925993907
(28, 2) 0.9343214513450234
(28, 3) 0.963644586723631
(28, 4) 0.9591221205336369
(28, 5) 0.9462744892468344
(28, 6) 0.9729970425198095
(28, 7) 0.9643271232519274
(28, 8) 0.9891643423345927
(28, 9) 0.9808636535302923
(28, 10) 0.9090396004685724
(28, 11) 0.2254569215589987
(28, 12) 0.9726736850478628
(28, 13) 0.9276403483553435
(28, 14) 0.890505141357002
(28, 15) 0.9773142720425763
(28, 16) 0.9591221205336369
(28, 17) 0.9891643423345928
(28, 18) 0.05973600760595493
(28, 19) 0.9995145356551735
(28, 20) 0.10639988658218352
(28, 21) 0.9879332828806304
(28, 22) 0.9343214513450235
(28, 23) 0.9849361562856835
(28, 24) 0.00010009616085615569
(28, 25) 0.9462744892468344
(28, 26) 0.9591221205336369
(28, 27) 0.9808636535302923
(28, 28) 0.9999999999999999
(28, 29) 0.9646079588387982
(29, 0) 0.9999962935451606
(29, 1) 0.99953112780845
(29, 2) 0.9951199334809139
(29, 3) 0.9999932913385019
(29, 4) 0.9997946438781173
(29, 5) 0.9980068559946764
(29, 6) 0.9994153913626029
(29, 7) 0.9999994246488546
(29, 8) 0.9927971014426753
(29, 9) 0.9974543107155643
(29, 10) 0.9863475735008278
(29, 11) 0.0904669130477545
(29, 12) 0.9994624838086708
(29, 13) 0.9931108463581422
(29, 14) 0.9782549555614322
(29, 15) 0.9985519614424931
(29, 16) 0.9997946438781173
(29, 17) 0.9927971014426753
(29, 18) 0.003320440507098621
(29, 19) 0.9722969896465606
(29, 20) 0.020314161176269885
(29, 21) 0.993742869990922
(29, 22) 0.9951199334809139
(29, 23) 0.9956225874197351
(29, 24) 0.039182015880453114
(29, 25) 0.9980068559946764
(29, 26) 0.9997946438781173
(29, 27) 0.9974543107155643
(29, 28) 0.9646079588387982
(29, 29) 1.0
(0, 0) 1.0
(0, 1) 0.9920005616702099
(0, 2) 0.5142451809723232
(0, 3) 0.16336700654055247
(0, 4) 0.490620392503039
(0, 5) 0.9015512689435907
(0, 6) 0.9488047455272206
(0, 7) 0.43424746222346966
(0, 8) 0.03343297374852344
(0, 9) 0.027660614258765315
(1, 0) 0.9920005616702099
(1, 1) 0.9999999999999999
(1, 2) 0.6030622408534335
(1, 3) 0.10288613726189327
(1, 4) 0.40170500353115457
(1, 5) 0.9482050742145086
(1, 6) 0.9808905832368534
(1, 7) 0.5236069313893036
(1, 8) 0.07292473839260333
(1, 9) 0.00599917298921071
(2, 0) 0.5142451809723232
(2, 1) 0.6030622408534335
(2, 2) 1.0
(2, 3) 0.12085909133637435
(2, 4) 2.368702601207584e-05
(2, 5) 0.8092398282826658
(2, 6) 0.7330929250251583
(2, 7) 0.9935832313147117
(2, 8) 0.6663986822952352
(2, 9) 0.32261096243416976
(3, 0) 0.16336700654055247
(3, 1) 0.10288613726189327
(3, 2) 0.12085909133637435
(3, 3) 1.0
(3, 4) 0.8759501009723244
(3, 5) 0.009366716911701545
(3, 6) 0.03487430731523494
(3, 7) 0.1777794232680891
(3, 8) 0.681205905723933
(3, 9) 0.9392705871969902
(4, 0) 0.490620392503039
(4, 1) 0.40170500353115457
(4, 2) 2.368702601207584e-05
(4, 3) 0.8759501009723244
(4, 4) 1.0
(4, 5) 0.19459921539096037
(4, 6) 0.27122377698743555
(4, 7) 0.0056629380376404526
(4, 8) 0.32901974623280256
(4, 9) 0.67283034720949
(5, 0) 0.9015512689435907
(5, 1) 0.9482050742145086
(5, 2) 0.8092398282826658
(5, 3) 0.009366716911701545
(5, 4) 0.19459921539096037
(5, 5) 1.0
(5, 6) 0.9917570388800911
(5, 7) 0.7425271022576028
(5, 8) 0.23240976040368783
(5, 9) 0.022946041640901527
(6, 0) 0.9488047455272206
(6, 1) 0.9808905832368534
(6, 2) 0.7330929250251583
(6, 3) 0.03487430731523494
(6, 4) 0.27122377698743555
(6, 5) 0.9917570388800911
(6, 6) 1.0
(6, 7) 0.65946165151303
(6, 8) 0.16044360362247362
(6, 9) 0.0037345337655667055
(7, 0) 0.43424746222346966
(7, 1) 0.5236069313893036
(7, 2) 0.9935832313147117
(7, 3) 0.1777794232680891
(7, 4) 0.0056629380376404526
(7, 5) 0.7425271022576028
(7, 6) 0.65946165151303
(7, 7) 1.0
(7, 8) 0.7395590862944275
(7, 9) 0.3995407820797427
(8, 0) 0.03343297374852344
(8, 1) 0.07292473839260333
(8, 2) 0.6663986822952352
(8, 3) 0.681205905723933
(8, 4) 0.32901974623280256
(8, 5) 0.23240976040368783
(8, 6) 0.16044360362247362
(8, 7) 0.7395590862944275
(8, 8) 1.0
(8, 9) 0.8817938118168704
(9, 0) 0.027660614258765315
(9, 1) 0.00599917298921071
(9, 2) 0.32261096243416976
(9, 3) 0.9392705871969902
(9, 4) 0.67283034720949
(9, 5) 0.022946041640901527
(9, 6) 0.0037345337655667055
(9, 7) 0.3995407820797427
(9, 8) 0.8817938118168704
(9, 9) 1.0
